<>60A,50,255,150,S.KARLOVCI-BELILO II<.>
45.26413240436517, 19.828517138957977,
45.26419470320726, 19.828627109527588,
45.264138067899104, 19.828753173351288,
45.26423246004795, 19.82920914888382,
45.26429664661951, 19.829498827457428,
45.26428531958275, 19.829809963703156,
45.264134292209896, 19.830067455768585,
45.26383978767716, 19.830255210399628,
45.263511300049835, 19.83045369386673,
45.26300912563537, 19.830780923366547,
45.262276622659655, 19.83115643262863,
45.26159319641263, 19.831548035144806,
45.26056615365354, 19.832089841365814,
45.25960706018432, 19.832604825496674,
45.25879144039297, 19.833076894283295,
45.257756794726156, 19.83365088701248,
45.25643891582888, 19.834364354610443,
45.25557038292957, 19.834863245487213,
45.2547018367462, 19.835346043109894,
45.253701104021324, 19.83590930700302,
45.25269280076186, 19.836445748806,
45.251790221985736, 19.83693927526474,
45.25073278927388, 19.837518632411957,
45.24935054397109, 19.838296473026276,
45.24816465643761, 19.83893483877182,
45.2478700690711, 19.839111864566803,
45.24824019141369, 19.840565621852875,
45.248497009581044, 19.841735064983368,
45.24878404027631, 19.843049347400665,
45.24896154537518, 19.84368234872818,
45.24917681677205, 19.84441190958023,
45.24935054397112, 19.844787418842316,
45.249471397361404, 19.8451629281044,
45.24978863628748, 19.84617680311203,
45.2502758211883, 19.847770035266876,
45.25124262536062, 19.84719067811966,
45.25156929570684, 19.847051203250885,
45.25190351718005, 19.847110211849213,
45.2526323775261, 19.84743744134903,
45.253319688039525, 19.84769493341446,
45.25376530249908, 19.848344027996063,
45.253844606400804, 19.84943836927414,
45.25393523929574, 19.850543439388275,
45.254074964725376, 19.85194355249405,
45.25421468981122, 19.85341340303421,
45.254365743571384, 19.85468477010727,
45.25450546794182, 19.85590249300003,
45.25465652092854, 19.857828319072723,
45.254849112903884, 19.859721958637238,
45.25491897453742, 19.860470294952393,
45.25487554704561, 19.861218631267548,
45.25472071832623, 19.862479269504547,
45.25459232345829, 19.863493144512177,
45.25455267204336, 19.863721132278442,
45.25447525729626, 19.86391693353653,
45.25409007015662, 19.864721596240997,
45.25397677932425, 19.86494690179825,
45.253840830027045, 19.8651722073555,
45.25334989929982, 19.86588567495346,
45.253085550227354, 19.86629605293274,
45.25289672870794, 19.866717159748077,
45.25267769495894, 19.867368936538696,
45.25257195422604, 19.867956340312958,
45.252477542691004, 19.869447648525238,
45.25242467216285, 19.870590269565582,
45.25238313099905, 19.871303737163544,
45.25228116619543, 19.87187772989273,
45.251669373529396, 19.872703850269318,
45.251034914914776, 19.87362653017044,
45.24990193547454, 19.87511783838272,
45.24903330259813, 19.876298010349274,
45.24840259127214, 19.877306520938873,
45.24764346236495, 19.878272116184235,
45.246472646648165, 19.879473745822906,
45.24563417669299, 19.88009601831436,
45.244417995574956, 19.88091677427292,
45.24322445090325, 19.881699979305267,
45.242582343712535, 19.882164001464844,
45.24232549880419, 19.882456362247467,
45.241808028330205, 19.88310545682907,
45.2412754443076, 19.88386183977127,
45.24057665627993, 19.884537756443024,
45.23977964971394, 19.885208308696747,
45.23886175626235, 19.88590568304062,
45.23758499091957, 19.8868927359581,
45.236678394560435, 19.88765448331833,
45.23578689403582, 19.88834112882614,
45.23529391846078, 19.888775646686554,
45.23490671242427, 19.889231622219086,
45.23402651717979, 19.890293776988983,
45.233425861096975, 19.89111453294754,
45.232647643146365, 19.89209622144699,
45.231827858343095, 19.893072545528412,
45.231455740141044, 19.89350974559784,
45.23103828484205, 19.89389330148697,
45.230377150267216, 19.894461929798126,
45.22972734193405, 19.8951056599617,
45.22891507107048, 19.895819127559662,
45.22842203588511, 19.896242916584015,
45.22788365924643, 19.896495044231415,
45.226908901200346, 19.89688664674759,
45.22638562302854, 19.89724338054657,
45.22594546112509, 19.89765375852585,
45.22512180136874, 19.89839941263199,
45.224706188704616, 19.898764193058014,
45.224233897897996, 19.899220168590546,
45.22292657648335, 19.900459349155426,
45.221838378506845, 19.90159660577774,
45.220701038222465, 19.902701675891876,
45.21986596658534, 19.90412324666977,
45.21904599743307, 19.905754029750824,
45.2179350526215, 19.907669126987457,
45.217096161543935, 19.909165799617767,
45.216563345919525, 19.90981489419937,
45.2159700630732, 19.910421073436737,
45.214866616094604, 19.911445677280426,
45.21426575753742, 19.91207331418991,
45.21384061793081, 19.912617802619934,
45.2134910563177, 19.91336613893509,
45.212886404130614, 19.91479843854904,
45.21200586788574, 19.91680473089218,
45.21121979826141, 19.918650090694427,
45.21066047287474, 19.92037206888199,
45.210191844667236, 19.921745359897614,
45.209538026281194, 19.923773109912872,
45.20925268699979, 19.92474675178528,
45.20886908292861, 19.925677478313446,
45.2084533514574, 19.926728904247284,
45.20785620457298, 19.92805391550064,
45.20746692189949, 19.929266273975372,
45.20687732365096, 19.931224286556244,
45.2062952783601, 19.93310183286667,
45.2057132271137, 19.934931099414825,
45.20520298248596, 19.936395585536957,
45.20504234897079, 19.936937391757965,
45.204783444585736, 19.937479197978973,
45.20433366628315, 19.93802636861801,
45.203895223506606, 19.938498437404633,
45.20332448689906, 19.937656223773956,
45.202925723818545, 19.937272667884827,
45.20252695794299, 19.937007129192352,
45.201725637969155, 19.936417043209076,
45.201965657164195, 19.935835003852844,
45.20209984068232, 19.935252964496613,
45.20217921669903, 19.934518039226532,
45.202349307790456, 19.93379920721054,
45.20243246325006, 19.93359535932541,
45.20232284920964, 19.933488070964813,
45.20195620760873, 19.93329495191574,
45.20132497374985, 19.932951629161835,
45.20073531184236, 19.932645857334137,
45.20036488008274, 19.932769238948822,
45.199979326098, 19.932769238948822,
45.19955295752038, 19.932922963052988,
45.19916438584002, 19.93314642459154,
45.19890132030198, 19.933217838406563,
45.198384990107954, 19.933493100106716,
45.19812304317689, 19.933668281883,
45.19786865522857, 19.93372544646263,
45.19737121630245, 19.933906830847263,
45.19687377302767, 19.934034571051598,
45.196151049070394, 19.93496596813202,
45.19582654090123, 19.93518490344286,
45.195547393878655, 19.93517853319645,
45.19485241461941, 19.935236535966396,
45.194157426872664, 19.93534818291664,
45.19314546795349, 19.935453459620476,
45.19032958516175, 19.93658971041441,
45.189810046356484, 19.936658944934607,
45.18950868804741, 19.936629189178348,
45.1886151038755, 19.936920083127916,
45.1878009645161, 19.937055838527158,
45.18762198720595, 19.937030661385506,
45.18755265203862, 19.93710204376839,
45.18756335378452, 19.937220883439295,
45.18763675862438, 19.93723738793051,
45.187710163369566, 19.93717879056930


<>60B,50,255,150,S.BELILO II- KARLOVCI<.>
45.18754569968714, 19.937174767255783,
45.18762261487363, 19.937233617383754,
45.187707091494794, 19.93718517915113,
45.1878155522036, 19.93707757384982,
45.18863738937698, 19.93689454975538,
45.18949465829212, 19.936608967836946,
45.18993888297088, 19.936638618819416,
45.190315053498445, 19.93658243911341,
45.19200684498537, 19.935946902260184,
45.19310317462542, 19.935432504862547,
45.1941541190746, 19.935325803235173,
45.1952352862761, 19.935154728591442,
45.19582878541259, 19.935168433003128,
45.196150104018365, 19.934946103021502,
45.19695906282705, 19.933965001255274,
45.19726147438179, 19.933938765898347,
45.197563884329355, 19.933826699852943,
45.19824430083514, 19.9335715547204,
45.198629866576816, 19.933315236121416,
45.19914017015878, 19.93315727915615,
45.19964290921224, 19.932838389649987,
45.19990750692983, 19.93277996778488,
45.20038944961084, 19.93273437023163,
45.20070507260545, 19.932645857334137,
45.20116999909693, 19.93284970521927,
45.20185415230976, 19.933262765407562,
45.20244758241149, 19.93357926607132,
45.20219433592775, 19.934383928775787,
45.20210362049516, 19.935263693332672,
45.20195998743111, 19.935808181762695,
45.201733197644295, 19.936390221118927,
45.20241356429265, 19.936889111995697,
45.20300698855934, 19.937371909618378,
45.20340386120712, 19.937752783298492,
45.203906562586475, 19.938482344150543,
45.20471919076022, 19.937484562397003,
45.20500833240348, 19.93695616722107,
45.20525967655949, 19.936363399028778,
45.20569054967185, 19.93505448102951,
45.20632551462577, 19.93304818868637,
45.206839528683, 19.931369125843048,
45.207489598633146, 19.92928773164749,
45.20790911657536, 19.928016364574432,
45.20846091023854, 19.926685988903046,
45.20911096165906, 19.92506593465805,
45.209575819456155, 19.923644363880157,
45.210214520314565, 19.921739995479584,
45.21072094074928, 19.92011457681656,
45.21111775958081, 19.918955862522125,
45.21166952211667, 19.91762012243271,
45.21225907069168, 19.916246831417084,
45.21274657739714, 19.91508811712265,
45.21332099853986, 19.9138006567955,
45.21363088122078, 19.913084506988525,
45.214008784644015, 19.912432730197906,
45.214369680068984, 19.911939203739166,
45.21479859468981, 19.911510050296783,
45.215475026152205, 19.910893142223358,
45.216295046800276, 19.91009920835495,
45.21671261037446, 19.909670054912567,
45.217077267458244, 19.909197986125946,
45.21743814340989, 19.90860790014267,
45.21776878690481, 19.908007085323334,
45.21869835717237, 19.9063441157341,
45.21935207025094, 19.905158579349518,
45.22000199719052, 19.903908669948578,
45.22032128997141, 19.90326762199402,
45.220716152528226, 19.902733862400055,
45.22138495653591, 19.902025759220123,
45.222499612399105, 19.90089923143387,
45.22365580861014, 19.899767339229584,
45.22473263687378, 19.898758828639984,
45.225684762768324, 19.89790588617325,
45.226378066629756, 19.89727556705475,
45.2271166998601, 19.896795451641083,
45.22795922118756, 19.896468222141266,
45.22848059584362, 19.896183907985687,
45.22897174150741, 19.895803034305573,
45.229908684541805, 19.894933998584747,
45.2307587203031, 19.89412397146225,
45.23180141347517, 19.8931422829628,
45.23301030914829, 19.89161342382431,
45.23394718560818, 19.890443980693817,
45.23485382554133, 19.889279901981354,
45.23530147367429, 19.88874614238739,
45.23587000060806, 19.888255298137665,
45.23695792998021, 19.887434542179108,
45.23837825086852, 19.886270463466644,
45.23959078396023, 19.88533705472946,
45.24093549444874, 19.884226620197296,
45.24193645209921, 19.88312691450119,
45.24251813259431, 19.88241344690323,
45.24290339821505, 19.882064759731293,
45.24340575044324, 19.881726801395416,
45.24430846245707, 19.88109916448593,
45.24530180679902, 19.88041788339615,
45.24628002626696, 19.879741966724396,
45.24713359397072, 19.87892121076584,
45.24812688891191, 19.87784832715988,
45.24871983616778, 19.876984655857086,
45.2495356006204, 19.875756204128265,
45.24995103171875, 19.87518221139908,
45.25089518200562, 19.873782098293304,
45.25162027877056, 19.872795045375824,
45.25212633040286, 19.872092306613922,
45.25232837214582, 19.87173020839691,
45.252394460410365, 19.870981872081757,
45.252477542691004, 19.86964613199234,
45.25253041316997, 19.86861616373062,
45.25260216588411, 19.867725670337677,
45.25281742348259, 19.86687809228897,
45.253240383404794, 19.865992963314056,
45.253731315078724, 19.865322411060333,
45.25427133501839, 19.864603579044342,
45.2544733691304, 19.864233434200287,
45.25460742875193, 19.863852560520172,
45.25464708012867, 19.86363261938095,
45.25464896828875, 19.863015711307526,
45.25472449464148, 19.86238807439804,
45.254849112903884, 19.861304461956024,
45.254926527141315, 19.8606875538826,
45.25490575747822, 19.860242307186127,
45.25481134982295, 19.859046041965485,
45.25463386300614, 19.857157766819,
45.25419203171257, 19.852544367313385,
45.25396545022857, 19.849980175495148,
45.25373509145977, 19.84763592481613,
45.25314974940094, 19.84763592481613,
45.25270413011139, 19.84740525484085,
45.25213388337814, 19.84717458486557,
45.25149942995258, 19.84693318605423,
45.2511633178255, 19.84706997871399,
45.25089518200562, 19.847271144390106,
45.25079132624235, 19.84741598367691,
45.250657257612524, 19.847550094127655,
45.2502758211883, 19.847796857357025,
45.24983773262963, 19.84639674425125,
45.24950916399314, 19.845238029956818,
45.24938075734279, 19.844709634780884,
45.2491012830415, 19.843859374523163,
45.24882558407258, 19.84266847372055,
45.248697175876856, 19.842051565647125,
45.24801736294534, 19.839251339435577,
45.249271233793976, 19.838543236255646,
45.25177511594278, 19.83718067407608,
45.253670892947866, 19.836129248142242,
45.255755419313, 19.83494371175766,
45.25887073727575, 19.833243191242218,
45.26110233270588, 19.832004010677338,
45.26334139191058, 19.830754101276398,
45.26414561927678, 19.830330312252045,
45.26411918945051, 19.830078184604645,
45.263998367230776, 19.82941299676895,
45.263949283130586, 19.828922152519226,
45.26413712397683, 19.82884705066681,
45.26424378709527, 19.8291876912117,
45.26427304862369, 19.82928290963173,
45.264332515554365, 19.82929766178131,
45.26441274861609, 19.82929229736328,
45.264542065194505, 19.829217195510864,
45.2649045276108, 19.828989207744


<>64A,50,255,150,Polasci za BUKOVAC<.>
45.265102748265846, 19.830008447170258,
45.265190767453845, 19.829876348376274,
45.265188171715664, 19.829658418893814,
45.26511761478706, 19.82950486242771,
45.26501685273365, 19.829437136650085,
45.264660526473186, 19.82959672808647,
45.26431174933169, 19.829852879047394,
45.2640852082272, 19.830137193202972,
45.2637416191601, 19.830314218997955,
45.26333006468322, 19.830571711063385,
45.262423879171514, 19.831086695194244,
45.26189526427666, 19.831392467021942,
45.26100793535266, 19.831864535808563,
45.26005262530703, 19.832363426685333,
45.259225683869886, 19.832824766635895,
45.25809286783124, 19.83345776796341,
45.25705065711494, 19.834042489528656,
45.255815839225995, 19.834755957126617,
45.254856665517075, 19.835276305675507,
45.25342542738023, 19.836048781871796,
45.252681471410035, 19.83647257089615,
45.25126150809077, 19.837234318256378,
45.250272044577244, 19.837802946567535,
45.24879159369609, 19.838596880435944,
45.247854961985475, 19.839133322238922,
45.24824396815986, 19.84066218137741,
45.24861031134456, 19.842325150966644,
45.24888223465488, 19.84347313642502,
45.24930900055878, 19.844765961170197,
45.24941852403478, 19.84494298696518,
45.24949028068042, 19.84520584344864,
45.2497168800188, 19.84590858221054,
45.25001145780721, 19.84694927930832,
45.25028337440969, 19.847802221775055,
45.25120485988152, 19.84720677137375,
45.251469217707914, 19.84705924987793,
45.251763786407906, 19.847072660923004,
45.25226606028303, 19.847314059734344,
45.25272301235563, 19.84746426343918,
45.25331591163088, 19.84771102666855,
45.253712433169746, 19.848252832889557,
45.25383327727877, 19.84917014837265,
45.25396167386285, 19.85062927007675,
45.254112728295986, 19.85243171453476,
45.25436951991024, 19.854856431484222,
45.2545772181606, 19.85687881708145,
45.254800020893754, 19.859094321727753,
45.25491331008385, 19.8606875538826,
45.2547471525277, 19.86242562532425,
45.254596099782056, 19.863605797290802,
45.25401831932236, 19.86487179994583,
45.253327240856116, 19.86592322587967,
45.25295715166248, 19.86656963825226,
45.25270790656075, 19.867258965969086,
45.25251530732385, 19.86839085817337,
45.25248131915543, 19.869544208049774,
45.252341589804864, 19.87165242433548,
45.2522113013169, 19.872001111507416,
45.25154474828946, 19.87289696931839,
45.25094427739126, 19.873733818531036,
45.25045709822419, 19.87442046403885,
45.24966400692071, 19.87539678812027,
45.24872738959608, 19.876791536808014,
45.24807401433372, 19.877708852291107,
45.24743573875679, 19.878443777561188,
45.24683522441735, 19.87916260957718,
45.245917444954024, 19.87990826368332,
45.2448561259346, 19.88062173128128,
45.2434019733754, 19.88160878419876,
45.24257478946709, 19.881962835788727,
45.241615392132374, 19.88262802362442,
45.24123011777725, 19.88290697336197,
45.24079195945318, 19.88312155008316,
45.24012716106047, 19.883336126804352,
45.23962100252301, 19.883529245853424,
45.238771099314405, 19.88390475511551,
45.23779275054801, 19.884296357631683,
45.2363081968881, 19.88491863012314,
45.23584544640621, 19.884953498840332,
45.235382692155945, 19.884923994541168,
45.23478960568874, 19.884768426418304,
45.234117181697435, 19.884757697582245,
45.23370352366013, 19.88476037979126,
45.23328986261188, 19.884720146656036,
45.23308586427405, 19.88466650247574,
45.2326023097334, 19.884950816631317,
45.23238791997807, 19.88510236144066,
45.23220375192129, 19.88529682159424,
45.231873192373826, 19.885696470737457,
45.23130273651862, 19.886308014392853,
45.230987283305765, 19.886595010757446,
45.230656716682994, 19.886817634105682,
45.230401706831785, 19.88697588443756,
45.230252478314114, 19.887005388736725,
45.229648004361245, 19.886973202228546,
45.22893396122239, 19.88686591386795,
45.22811412285282, 19.886812269687653,
45.227753314661896, 19.88678812980652,
45.2274227292304, 19.8868390917778,
45.2270864746477, 19.886927604675293,
45.2267653307735, 19.887059032917023,
45.22634595192377, 19.887241423130035,
45.22547695887399, 19.8873433470726,
45.22466840558448, 19.88739162683487,
45.223976970051346, 19.887541830539703,
45.22361613560034, 19.88759547472,
45.22325529885902, 19.887670576572418,
45.22295491469405, 19.887718856334686,
45.222654528941916, 19.887810051441193,
45.22209909450272, 19.88811045885086,
45.221369842407924, 19.888684451580048,
45.2207917239968, 19.88910287618637,
45.22015314192567, 19.889473021030426,
45.21948432342791, 19.889805614948273,
45.2188608414718, 19.89014893770218,
45.218282697548986, 19.890535175800323,
45.21787081365223, 19.890776574611664,
45.21736823568189, 19.890781939029694,
45.21671072095341, 19.89084631204605,
45.216296936235096, 19.890886545181274,
45.21588314850584, 19.890958964824677,
45.21522183766436, 19.89110916852951,
45.2146020879523, 19.891280829906464,
45.213936983186834, 19.89138275384903,
45.21335501013612, 19.89139884710312,
45.21234221166569, 19.891473948955536,
45.21183580566686, 19.891516864299774,
45.21148056294679, 19.891377389431,
45.2106529143859, 19.890755116939545,
45.20994241195001, 19.890234768390656,
45.209137417082786, 19.88964468240738,
45.20885396547379, 19.889427423477173,
45.20857051245225, 19.88934963941574,
45.20805273461943, 19.889215528964996,
45.20763699718165, 19.8891618847847,
45.207058739147556, 19.88912433385849,
45.20648803427833, 19.889215528964996,
45.20616110473734, 19.8892879486084,
45.20584173244661, 19.889435470104218,
45.20529369297648, 19.889778792858124,
45.204692733281576, 19.89016503095627,
45.20433366628315, 19.890355467796326,
45.20397459701836, 19.890449345111847,
45.20353426161568, 19.890502989292145,
45.20309392280471, 19.890502989292145,
45.20289737562587, 19.890508353710175,
45.202700827767956, 19.890470802783966,
45.20231528961284, 19.89038497209549,
45.20156688455938, 19.890245497226715,
45.20071263241618, 19.890073835849762,
45.200294951367695, 19.890052378177643,
45.19987726725296, 19.89008456468582,
45.199159070203564, 19.89012211561203,
45.19836526291769, 19.890277683734894,
45.197473161513805, 19.89061564207077,
45.19692882158315, 19.8908731341362,
45.19664152896483, 19.891194999217987,
45.196513002850175, 19.891071617603302,
45.196165224849196, 19.891565144062042,
45.19571915864958, 19.892165958881378,
45.19523528627605, 19.892702400684357,
45.19467958402128, 19.893297851085663,
45.194426302962036, 19.893643856048584,
45.19412009599707, 19.89385038614273,
45.19385169100611, 19.89390939474106,
45.19358328474924, 19.894011318683624,
45.19308427256913, 19.894172251224518,
45.19265330398326, 19.894247353076935,
45.19220721025531, 19.89438146352768,
45.191598551308466, 19.89461749792099,
45.19141708651189, 19.894676506519318,
45.191447330684824, 19.8948428034782


<>64B,50,255,150,Polasci iz BUKOVAC<.>
45.1914208670344, 19.894762337207794,
45.191470013803986, 19.894971549510956,
45.19207489364668, 19.89463895559311,
45.19286122783125, 19.89439755678177,
45.19327518304875, 19.8943130671978,
45.19373260951316, 19.894205778837204,
45.194233506176204, 19.89407703280449,
45.194481117615226, 19.89390268921852,
45.19469470524289, 19.893653243780136,
45.19508029503639, 19.89318922162056,
45.19540728825517, 19.892786890268326,
45.19592518118478, 19.892204850912094,
45.196418498168924, 19.891558438539505,
45.19673981344484, 19.89107295870781,
45.19691653607326, 19.890891909599304,
45.19723312336678, 19.89071622490883,
45.19779069073528, 19.890501648187637,
45.19804773690251, 19.89036351442337,
45.198297221777885, 19.89030584692955,
45.19878295813195, 19.890193194150925,
45.199410440202044, 19.890110045671463,
45.20002279555049, 19.890083223581314,
45.20059167532388, 19.89006981253624,
45.20128528515943, 19.89017978310585,
45.20183903299063, 19.890303164720535,
45.202538297295604, 19.890445321798325,
45.203026832257514, 19.890508353710175,
45.20351536302425, 19.890507012605667,
45.20415035225746, 19.890413135290146,
45.20469462310188, 19.89016368985176,
45.20534093796635, 19.889739900827408,
45.20565747838633, 19.889536052942276,
45.20597779660036, 19.889369755983353,
45.20655417586447, 19.88920345902443,
45.20694157503884, 19.88914981484413,
45.20732708184209, 19.889131039381027,
45.20790155772091, 19.889184683561325,
45.208440123587984, 19.88931342959404,
45.2089144352689, 19.889463633298874,
45.20947188816461, 19.889887422323227,
45.20990083972414, 19.890193194150925,
45.21046395183845, 19.890614300966263,
45.211038396035974, 19.891021996736526,
45.21156937383482, 19.891421645879745,
45.21175549833117, 19.891490042209625,
45.212232616719916, 19.89147260785103,
45.21269933855813, 19.891459196805954,
45.21346649244788, 19.8914135992527,
45.21417128234393, 19.891349226236343,
45.21491574261413, 19.891196340322495,
45.21570176115473, 19.891005903482437,
45.21609854523379, 19.89093080163002,
45.216650259447256, 19.890855699777603,
45.217252982212926, 19.89081010222435,
45.21778012321913, 19.890761822462082,
45.218006849030665, 19.89070951938629,
45.21822223771428, 19.890576750040054,
45.21851508944022, 19.890397042036057,
45.21906866955016, 19.89003226161003,
45.219546671247514, 19.8897747695446,
45.22011157716354, 19.889482408761978,
45.22081061684823, 19.889101535081863,
45.22132638926762, 19.88873139023781,
45.22193284096229, 19.888245910406113,
45.222279516828856, 19.887991100549698,
45.22264886127095, 19.8878113925457,
45.223075824234314, 19.887685328722,
45.22334881436003, 19.88766521215439,
45.223621803174865, 19.88759145140648,
45.22415266348377, 19.887502938508987,
45.224679740523165, 19.887382239103317,
45.22526159767286, 19.887363463640213,
45.22586045092273, 19.887320548295975,
45.22639506852559, 19.88722935318947,
45.226673709982634, 19.88708183169365,
45.226956128235166, 19.8869825899601,
45.227428396425424, 19.88680824637413,
45.227906327839314, 19.886805564165115,
45.22835591973048, 19.88682970404625,
45.228920738116734, 19.886861890554428,
45.22940999097831, 19.886915534734726,
45.22998046583086, 19.886996001005173,
45.23024586691502, 19.886998683214188,
45.230382344925985, 19.88697052001953,
45.230507488834874, 19.886904805898666,
45.23100239487681, 19.886596351861954,
45.23127440246928, 19.886360317468643,
45.231661633254454, 19.885944575071335,
45.232271752504055, 19.8852176964283,
45.23273075430955, 19.884863644838333,
45.23305375335786, 19.884635657072067,
45.2337564116136, 19.88478049635887,
45.23435706420274, 19.884737581014633,
45.23492182295323, 19.88478049635887,
45.23535624894208, 19.88492265343666,
45.23579067160993, 19.88498166203499,
45.23609287672448, 19.88494947552681,
45.236740723523155, 19.884716123342514,
45.23749999812538, 19.884404987096786,
45.23810816598642, 19.88416090607643,
45.23864077969832, 19.88393023610115,
45.23926593339532, 19.883659332990646,
45.2398419752749, 19.88345816731453,
45.24066919897192, 19.883144348859787,
45.2413094391816, 19.882892221212387,
45.2419383406819, 19.88235577940941,
45.24214986154395, 19.882216304540634,
45.242708877174266, 19.882240444421768,
45.24314135508739, 19.881899803876877,
45.2436191543688, 19.88158330321312,
45.24416115896555, 19.88119974732399,
45.244737151214245, 19.880818873643875,
45.24526026042554, 19.880440682172775,
45.24584568379482, 19.880057126283646,
45.24643676643059, 19.879619926214218,
45.24667848535321, 19.87940803170204,
45.24691264957861, 19.879158586263657,
45.24727144772873, 19.8787884414196,
45.24765101593637, 19.878356605768204,
45.248181651815976, 19.87778529524803,
45.24863486003018, 19.877144247293472,
45.24906729282999, 19.876492470502853,
45.249548818929426, 19.875752180814743,
45.24996424993108, 19.875162094831467,
45.250440103526664, 19.87447813153267,
45.250842310004394, 19.873871952295303,
45.251440893713934, 19.873056560754776,
45.25193372919368, 19.872383326292038,
45.2522509543666, 19.87194076180458,
45.25233309273866, 19.871608167886734,
45.252388795704974, 19.87124338746071,
45.252428448630766, 19.870489686727524,
45.252464325063585, 19.869778901338577,
45.252503977936655, 19.86910566687584,
45.25256251307959, 19.868083745241165,
45.252608774682145, 19.867657274007797,
45.25272301235563, 19.867262989282608,
45.252854243779566, 19.866845905780792,
45.25300435705093, 19.866466373205185,
45.2534216509786, 19.865768998861313,
45.254016431141274, 19.864894598722458,
45.254367631740855, 19.864470809698105,
45.25456777734751, 19.86400678753853,
45.25462631036334, 19.86375868320465,
45.254624422202475, 19.863521307706833,
45.25468484331881, 19.862783700227737,
45.25479246827307, 19.861895889043808,
45.25490575747822, 19.860924929380417,
45.25491142193255, 19.86042872071266,
45.25488687595971, 19.859937876462936,
45.25472449464148, 19.858469367027283,
45.254392177938115, 19.85477864742279,
45.254105175583874, 19.851495623588562,
45.25374264422109, 19.848502278327942,
45.253697327638015, 19.84759032726288,
45.253387663352605, 19.847676157951355,
45.252881622959265, 19.847504496574402,
45.2517184682458, 19.84702169895172,
45.25133703894854, 19.846930503845215,
45.2506081619788, 19.84756886959076,
45.25026826796593, 19.84778344631195,
45.24967156022344, 19.84583079814911,
45.249395864022596, 19.84480082988739,
45.24918059345593, 19.844157099723816,
45.24874249644967, 19.842258095741272,
45.24827418212017, 19.840359091758728,
45.24800980942262, 19.839221835136414,
45.24973198660922, 19.83830988407135,
45.25104624459506, 19.83756959438324,
45.25251153086169, 19.83677566051483,
45.254528125915435, 19.835649132728577,
45.25655220174944, 19.834511876106262,
45.25881787269954, 19.833267331123352,
45.26127224754616, 19.831872582435608,
45.26385489051089, 19.830488562583923,
45.264138067899104, 19.830337017774582,
45.26441369253383, 19.83034372329712,
45.265051777306404, 19.8300500214099


<>72A,50,255,150,Polasci za PARAGOVO<.>
45.264738399290614, 19.829557836055756,
45.26437216014021, 19.829772412776947,
45.26422679652346, 19.829909205436707,
45.264111638069295, 19.830078184604645,
45.26370386199293, 19.830330312252045,
45.2631035196613, 19.83069509267807,
45.262325708206035, 19.831124246120453,
45.26153278264699, 19.831564128398895,
45.26066810358154, 19.832052290439606,
45.259690131913075, 19.832567274570465,
45.25860641390254, 19.83316272497177,
45.25739806281249, 19.833844006061554,
45.2563860489886, 19.83441263437271,
45.255128558922394, 19.835115373134613,
45.253761526120044, 19.835855662822723,
45.25233781333115, 19.83666032552719,
45.25070635320383, 19.837545454502106,
45.24892755508004, 19.838537871837616,
45.24771144447172, 19.8392191529274,
45.246378224974286, 19.83995944261551,
45.24523382180843, 19.840592443943024,
45.243673921618644, 19.84147757291794,
45.2418155826776, 19.842480719089508,
45.24056154725467, 19.84319418668747,
45.23939058557588, 19.843837916851044,
45.23806094821785, 19.84463721513748,
45.23770020317101, 19.84488934278488,
45.237362120655476, 19.84517365694046,
45.23694659748994, 19.845527708530426,
45.2365537364299, 19.84591394662857,
45.23611365326708, 19.84640747308731,
45.23569623218203, 19.84694391489029,
45.23512203708243, 19.84771639108658,
45.23432495400484, 19.848805367946625,
45.233535415195504, 19.84988898038864,
45.23270053208245, 19.851090610027313,
45.232171640506714, 19.85187917947769,
45.23146140693397, 19.85288769006729,
45.230645382936125, 19.853987395763397,
45.230033357249, 19.85489398241043,
45.229387322985104, 19.856084883213043,
45.22905108002418, 19.857018291950226,
45.228822509235336, 19.85783100128174,
45.22864683023568, 19.85864371061325,
45.22855426796371, 19.859204292297363,
45.22840881266035, 19.859721958637238,
45.22825768987298, 19.860017001628876,
45.22801589257748, 19.860153794288635,
45.227690975841924, 19.859968721866608,
45.227522849592624, 19.85976219177246,
45.2274227292304, 19.859502017498016,
45.22743973081377, 19.859145283699036,
45.22757007611736, 19.85869199037552,
45.22781565341353, 19.858010709285736,
45.22800078021234, 19.8574098944664,
45.22768908678569, 19.857149720191956,
45.22734716657608, 19.85693246126175,
45.22711103263401, 19.856771528720856,
45.22685978504251, 19.85666424036026,
45.226700157236436, 19.856619983911514,
45.22654052898206, 19.856607913970947,
45.22621371470794, 19.856594502925873,
45.22572632345603, 19.856599867343903,
45.22551474145677, 19.85657572746277,
45.225242706300484, 19.85641211271286,
45.22455505607341, 19.85591858625412,
45.224286794663456, 19.855725467205048,
45.22399586184432, 19.855575263500214,
45.22367847888904, 19.85539823770523,
45.223361094161866, 19.855253398418427,
45.2230909379088, 19.855119287967682,
45.222813223499294, 19.855038821697235,
45.22254873232423, 19.853735268115997,
45.22238248009869, 19.852560460567474,
45.222393815493156, 19.85113888978958,
45.22224645518891, 19.85055148601532,
45.22206130964984, 19.84996408224106,
45.22169857378472, 19.848842918872833,
45.22135472827593, 19.847791492938995,
45.221717466334816, 19.846584498882294,
45.2222993538036, 19.845570623874664,
45.22256006768554, 19.84502613544464,
45.222798109751, 19.8444601893425,
45.22296058233449, 19.84407663345337,
45.223300639727206, 19.843773543834686,
45.22326285567291, 19.84356164932251,
45.22318728748898, 19.843349754810333,
45.22321751477459, 19.84293669462204,
45.223353537361035, 19.8426416516304,
45.223191065900544, 19.84252095222473,
45.22299080974065, 19.842518270015717,
45.2222993538036, 19.84267920255661,
45.22179114722026, 19.842730164527893,
45.2212829360941, 19.842732846736908,
45.2206405809592, 19.842840135097504,
45.22051872159262, 19.842854887247086,
45.22039686196482, 19.842912554740906,
45.22017581360127, 19.843092262744904,
45.219775279334414, 19.843489229679108,
45.2196014616992, 19.84367161989212,
45.219427643532605, 19.843811094760895,
45.21916691528641, 19.843701124191284,
45.218898628451655, 19.843548238277435,
45.218286476286536, 19.843054711818695,
45.21815422032342, 19.84294205904007,
45.217999291518204, 19.8428937792778,
45.21761385704943, 19.84290450811386,
45.216759845879835, 19.843054711818695,
45.2158755907111, 19.843231737613678,
45.21536921617499, 19.84342485666275,
45.21506312191804, 19.84340876340866,
45.2147381311506, 19.843285381793976,
45.21452650825709, 19.843339025974274,
45.214435812490215, 19.843245148658752,
45.21431488457602, 19.84318345785141,
45.2140352377896, 19.843038618564606,
45.21380849614246, 19.84283208847046,
45.213559079286455, 19.842732846736908,
45.213322888073506, 19.84272211790085,
45.21308669587964, 19.84267920255661,
45.21282593855834, 19.842617511749268,
45.21256518004143, 19.842523634433746,
45.212189156596736, 19.842384159564972,
45.211843363998476, 19.842233955860138,
45.21126514872734, 19.84172433614731,
45.21100816227549, 19.841480255126953,
45.21082675937506, 19.841246902942657,
45.21069448606207, 19.840801656246185,
45.21034112584596, 19.84093576669693,
45.209987763434505, 19.84097331762314,
45.20937551534274, 19.840871393680573,
45.208593188745944, 19.84070509672165,
45.20811698467965, 19.840697050094604,
45.20787510172234, 19.840698391199112,
45.20764077662659, 19.840753376483917,
45.20649937284142, 19.841080605983734,
45.20572078625895, 19.841085970401764,
45.2048703761165, 19.841300547122955,
45.20446406456043, 19.841442704200745,
45.20405775010237, 19.841617047786713,
45.203188416399, 19.8419389128685,
45.202337968400165, 19.842137396335602,
45.20190140015612, 19.842236638069153,
45.201517746509445, 19.84241098165512,
45.201383561618435, 19.842518270015717,
45.20123425693109, 19.842571914196014,
45.20084492894144, 19.842593371868134,
45.20046315813154, 19.842577278614044,
45.20008138475997, 19.842518270015717,
45.199690158894924, 19.842429757118225,
45.199298930339786, 19.842298328876495,
45.19855426565692, 19.842024743556976,
45.197741549424066, 19.841767251491547,
45.19681919693939, 19.841536581516266,
45.1957947633363, 19.841338098049164,
45.19439228004725, 19.84114497900009,
45.19290659293351, 19.840978682041168,
45.19174599102966, 19.840849936008453,
45.19109574118185, 19.840774834156036,
45.190177061583526, 19.84065145254135,
45.18928105114835, 19.840538799762726,
45.18899939094582, 19.840439558029175,
45.18877065915177, 19.840318858623505,
45.18849466749895, 19.84014719724655,
45.18785572278398, 19.840082824230194,
45.18753057656603, 19.84005600214004


<>72B,50,255,150,Polasci iz PARAGOVO<.>
45.18778766907811, 19.840023815631866,
45.18762887678132, 19.83998492360115,
45.18747008404151, 19.84003186225891,
45.1874625224714, 19.840318858623505,
45.188135498275614, 19.8404261469841,
45.18923190248855, 19.840554893016815,
45.19051353443306, 19.84070509672165,
45.191647697924644, 19.840823113918304,
45.19295195799958, 19.84097331762314,
45.194331794815284, 19.84115034341812,
45.1955112452432, 19.841300547122955,
45.196153884226455, 19.84139710664749,
45.196796515952244, 19.841536581516266,
45.19732762669512, 19.841657280921936,
45.19785873248079, 19.841810166835785,
45.19891336913183, 19.84214812517166,
45.19948414999102, 19.842357337474823,
45.20007760481279, 19.842523634433746,
45.2003478704032, 19.842569231987,
45.200618134709785, 19.842571914196014,
45.20115865947161, 19.842555820941925,
45.2013443455518, 19.8425330221653,
45.20149979221137, 19.842445850372314,
45.20166657797262, 19.842334538698196,
45.20184092290574, 19.842266142368317,
45.20252695794299, 19.842105209827423,
45.202903045265515, 19.842014014720917,
45.20328290983633, 19.84191209077835,
45.20447729335447, 19.8414346575737,
45.20541841966481, 19.84115034341812,
45.20563102134408, 19.84109401702881,
45.20585118135672, 19.841069877147675,
45.206283939756354, 19.841107428073883,
45.20679039518714, 19.840989410877228,
45.20728172823613, 19.840849936008453,
45.207756049576574, 19.840723872184753,
45.2082303669618, 19.84068363904953,
45.208761370975445, 19.840739965438843,
45.209284811361236, 19.840849936008453,
45.209795019375676, 19.840954542160034,
45.210305222813446, 19.84097331762314,
45.210698265303854, 19.840796291828156,
45.21085699323197, 19.841300547122955,
45.21137852473403, 19.841831624507904,
45.211714872224015, 19.842121303081512,
45.21188304522311, 19.842250049114227,
45.2120512177249, 19.842335879802704,
45.21278058933692, 19.842593371868134,
45.21319251010381, 19.84270066022873,
45.213604427887105, 19.842743575572968,
45.213742362991795, 19.842782467603683,
45.21388029776188, 19.842875003814697,
45.21400311611125, 19.84302654862404,
45.21413349222261, 19.843102991580963,
45.21434700607829, 19.84318882226944,
45.214552961161814, 19.843349754810333,
45.21472679422984, 19.843285381793976,
45.21497431648579, 19.843376576900482,
45.21509807720976, 19.843427538871765,
45.21522183766436, 19.84342485666275,
45.21541645279628, 19.843402057886124,
45.2156110672622, 19.84333634376526,
45.21599273641674, 19.84320491552353,
45.21624119788084, 19.843124449253082,
45.21648965825932, 19.843086898326874,
45.216986575759506, 19.843011796474457,
45.21777256567651, 19.842883050441742,
45.218037079070584, 19.842916578054428,
45.2182789188112, 19.84302520751953,
45.218641676493554, 19.843360483646393,
45.219348291584225, 19.843811094760895,
45.21952305465723, 19.843749403953552,
45.219675145326846, 19.843591153621674,
45.21996421094395, 19.843285381793976,
45.22032317927246, 19.842960834503174,
45.220536669887835, 19.84284147620201,
45.22075015970153, 19.842797219753265,
45.22115446564773, 19.842746257781982,
45.221558768718836, 19.842748939990997,
45.22208209132202, 19.842703342437744,
45.22260540910819, 19.842614829540253,
45.22295113626677, 19.842545092105865,
45.22315044796291, 19.8425155878067,
45.22325010354895, 19.842559844255447,
45.223304418131264, 19.842636287212372,
45.223192955106256, 19.843006432056427,
45.2231948443119, 19.843376576900482,
45.223334645354605, 19.843741357326508,
45.22299080974065, 19.844020307064056,
45.222748990041346, 19.844588935375214,
45.222374923167784, 19.84543651342392,
45.22175902992296, 19.846525490283966,
45.221627726665915, 19.84682187438011,
45.22151909424562, 19.847150444984436,
45.22135472827593, 19.847786128520966,
45.22170235229525, 19.84888583421707,
45.22202352477188, 19.8498997092247,
45.22225023366304, 19.85052466392517,
45.22233336002996, 19.850831776857376,
45.22238625856376, 19.85113888978958,
45.22241648627528, 19.852855503559113,
45.22265075049468, 19.854212701320648,
45.22271687328514, 19.854615032672882,
45.22275749153258, 19.854843020439148,
45.222813223499294, 19.855017364025116,
45.22337242936118, 19.855248034000397,
45.224052537185614, 19.855596721172333,
45.22476664164462, 19.856058061122894,
45.22547695887399, 19.856556951999664,
45.22565453679453, 19.856673628091812,
45.22587745297337, 19.856736660003662,
45.22630816989349, 19.856755435466766,
45.2266312054419, 19.856750071048737,
45.22679650069962, 19.85677421092987,
45.22695423915454, 19.856830537319183,
45.227471844901814, 19.857157766819,
45.22777598330676, 19.85738843679428,
45.227928051899006, 19.85750913619995,
45.22817835024877, 19.857753217220306,
45.22847681778357, 19.85806703567505,
45.22863360706321, 19.85822930932045,
45.228752615504824, 19.85842376947403,
45.22916064255578, 19.859013855457306,
45.2294855508904, 19.859711229801178,
45.22975000979167, 19.860295951366425,
45.22981612432472, 19.86066073179245,
45.22975378776706, 19.861025512218475,
45.229538442769105, 19.861519038677216,
45.22932687495901, 19.861556589603424,
45.22911530636141, 19.861465394496918,
45.22873750333555, 19.861057698726654,
45.22863171803833, 19.860741198062897,
45.22857882531586, 19.86042469739914,
45.228595826553466, 19.859982132911682,
45.228695944849406, 19.859507381916046,
45.228850844507, 19.858836829662323,
45.228916960085975, 19.85849618911743,
45.228960407424545, 19.85815554857254,
45.22911530636146, 19.857511818408966,
45.22930798493768, 19.85690027475357,
45.229521441813446, 19.856339693069458,
45.22978023358775, 19.855811297893524,
45.2302298106569, 19.854985177516937,
45.23084183422858, 19.854008853435516,
45.23135940457497, 19.853231012821198,
45.23187697020808, 19.852496087551117,
45.232466309277534, 19.8516646027565,
45.23313497505195, 19.850731194019318,
45.233822521486225, 19.849776327610016,
45.234532725552576, 19.848778545856476,
45.234948266369194, 19.84817236661911,
45.23553757358985, 19.847351610660553,
45.236164650203015, 19.846541583538055,
45.236429078025914, 19.846230447292328,
45.23671616969753, 19.84593003988266,
45.237505664315606, 19.84522193670273,
45.238057170794676, 19.844787418842316,
45.23863511362128, 19.84441727399826,
45.23968521691557, 19.843864738941193,
45.24062198333155, 19.843339025974274,
45.241690935817225, 19.842759668827057,
45.24258612083485, 19.842260777950287,
45.24339441923896, 19.841815531253815,
45.244214037185934, 19.841354191303253,
45.2451167363561, 19.840855300426483,
45.246427324264296, 19.840136468410492,
45.247450845953914, 19.839578568935394,
45.248712282738495, 19.838843643665314,
45.24950916399314, 19.83842521905899,
45.25037023638335, 19.83794778585434,
45.25115576472114, 19.837507903575897,
45.251846869611136, 19.837137758731842,
45.2526890243115, 19.83665496110916,
45.253463191382764, 19.83623117208481,
45.25429776942905, 19.835769832134247,
45.25520030835392, 19.835265576839447,
45.25640870621189, 19.834600389003754,
45.257292330868665, 19.834106862545013,
45.258285448152265, 19.833554327487946,
45.25919925175317, 19.833033978939056,
45.25999976183122, 19.832588732242584,
45.261098556814744, 19.83197718858719,
45.26170269619904, 19.831644594669342,
45.26280145822586, 19.831049144268036,
45.26368498339995, 19.830582439899445,
45.26404178774559, 19.830418825149536,
45.26422018907751, 19.83034238219261,
45.26439858984872, 19.830330312252045,
45.26453451386957, 19.830303490161896,
45.26513106544578, 19.8299655318260


<>74A,50,255,150,Polasci za POPOVICA<.>
45.26474217493965, 19.829531013965607,
45.26422490868182, 19.82990652322769,
45.26413429220987, 19.830051362514496,
45.26402102141656, 19.83015328645706,
45.26366610480068, 19.830335676670074,
45.26323944678294, 19.830614626407623,
45.26245786138922, 19.831043779850006,
45.261683816940604, 19.83147829771042,
45.26032826977636, 19.83222931623459,
45.259048210850175, 19.83291059732437,
45.25768882464285, 19.83368843793869,
45.25654087316754, 19.834310710430145,
45.25524184745706, 19.835051000118256,
45.254195808062974, 19.835619628429413,
45.25316485507828, 19.83618825674057,
45.25198660017889, 19.836864173412323,
45.25026826796593, 19.837786853313446,
45.24896909877134, 19.838527143001556,
45.2476585695068, 19.839256703853607,
45.246287580019725, 19.840007722377777,
45.24488256472751, 19.840796291828156,
45.24361726584199, 19.841499030590057,
45.242299058821246, 19.84222322702408,
45.24076929599967, 19.843070805072784,
45.23946990954841, 19.843811094760895,
45.23876732193844, 19.84419196844101,
45.23807228048589, 19.844615757465363,
45.237233686546936, 19.845254123210907,
45.236855937486396, 19.845600128173828,
45.23650085107978, 19.845978319644928,
45.23593044167518, 19.846605956554413,
45.23512203708243, 19.84770566225052,
45.23445717235039, 19.84863370656967,
45.23358452558492, 19.849846065044403,
45.23284786528773, 19.85088676214218,
45.23214519579873, 19.85188990831375,
45.231465184795596, 19.852844774723053,
45.230849390033974, 19.853740632534027,
45.23010891633239, 19.854754507541656,
45.2296064465408, 19.85565572977066,
45.229085082211775, 19.856851994991302,
45.22873750333555, 19.85812336206436,
45.22851082031469, 19.859561026096344,
45.22833702938642, 19.85987216234207,
45.22822368719042, 19.860033094882965,
45.228080120084414, 19.86011892557144,
45.22786476874545, 19.860094785690308,
45.227656972820384, 19.85995262861252,
45.2274926245962, 19.859687089920044,
45.22740383857624, 19.85937863588333,
45.22751151522084, 19.858866333961487,
45.22767964150368, 19.858354032039642,
45.22800455830399, 19.8574098944664,
45.22735850098064, 19.85693782567978,
45.227131812460264, 19.856787621974945,
45.22689756670615, 19.85666960477829,
45.22670393541452, 19.8566173017025,
45.226510303463286, 19.856618642807007,
45.22612303758212, 19.85662132501602,
45.22564320205024, 19.856610596179962,
45.22544767735509, 19.85653817653656,
45.22525215198745, 19.85641211271286,
45.22486109923465, 19.8561492562294,
45.22450027039538, 19.855878353118896,
45.22410921247039, 19.85563963651657,
45.22343666211475, 19.855285584926605,
45.22327796929764, 19.85518768429756,
45.2231117192046, 19.855121970176697,
45.22277166068184, 19.855033457279205,
45.22242782166296, 19.852871596813202,
45.222383424714984, 19.852434396743774,
45.22238436933125, 19.851997196674347,
45.22237870163337, 19.851112067699432,
45.22236075391968, 19.850900173187256,
45.22228990762606, 19.85067754983902,
45.221800593480694, 19.84920233488083,
45.221335835605295, 19.847770035266876,
45.22174769440193, 19.846536219120026,
45.22216521793479, 19.84584152698517,
45.22251472622674, 19.845125377178192,
45.22297191761369, 19.844047129154205,
45.223334645354605, 19.843752086162567,
45.223219403979414, 19.843432903289795,
45.22318728748898, 19.843113720417023,
45.22337242936118, 19.842620193958282,
45.22325624346084, 19.842551797628403,
45.2231325004928, 19.84252631664276,
45.22286234315346, 19.842561185359955,
45.22234847390177, 19.84268456697464,
45.22175147290918, 19.842738211154938,
45.220920195262835, 19.842770397663116,
45.22052344482873, 19.84284281730652,
45.22032884717525, 19.84295144677162,
45.22014936331218, 19.843097627162933,
45.21952588864857, 19.843746721744537,
45.21937852091096, 19.843823164701462,
45.21918580867775, 19.843727946281433,
45.21886839886979, 19.843537509441376,
45.21827514007317, 19.843038618564606,
45.21813910533659, 19.842954128980637,
45.2179803977326, 19.842880368232727,
45.21766298119562, 19.8428937792778,
45.2166767113641, 19.843070805072784,
45.21604941973608, 19.84318345785141,
45.21574332914046, 19.843263924121857,
45.21543723689724, 19.84338730573654,
45.21519349559928, 19.84342485666275,
45.21494975325663, 19.843365848064423,
45.21470034140592, 19.843285381793976,
45.21453784521776, 19.843344390392303,
45.21444525997264, 19.843242466449738,
45.214318663577224, 19.84317809343338,
45.21398611050944, 19.843017160892487,
45.21387085018554, 19.842883050441742,
45.21374803155054, 19.842791855335236,
45.21364599740591, 19.842740893363953,
45.21353640497257, 19.842732846736908,
45.2133247776071, 19.842738211154938,
45.212837275858014, 19.842625558376312,
45.21226662896707, 19.84242171049118,
45.21182068900057, 19.84222322702408,
45.211465446186075, 19.84191745519638,
45.21110642193832, 19.841584861278534,
45.21090801282907, 19.841372966766357,
45.21077007085001, 19.84113961458206,
45.210698265303854, 19.840807020664215,
45.2109628116046, 19.840605854988098,
45.21120468143138, 19.840361773967743,
45.21160905525063, 19.839814603328705,
45.211901941034625, 19.839372038841248,
45.21205216251284, 19.83913466334343,
45.21222505844, 19.83895093202591,
45.21247826027012, 19.83872026205063,
45.21276169381733, 19.838543236255646,
45.213717799230494, 19.83819991350174,
45.2148628371298, 19.837786853313446,
45.215958726398036, 19.83739525079727,
45.216580350750604, 19.837183356285095,
45.217201968307826, 19.837035834789276,
45.21770076897151, 19.837006330490112,
45.21818445028495, 19.837051928043365,
45.21908378428987, 19.837245047092438,
45.219148021888756, 19.836504757404327,
45.218464076667416, 19.83616679906845,
45.21774233549599, 19.835775196552277,
45.21708860391041, 19.83542114496231,
45.216839201440536, 19.835308492183685,
45.21659357672682, 19.83520656824112,
45.21581134941521, 19.835034906864166,
45.21551470484293, 19.834991991519928,
45.215218058723174, 19.83498126268387,
45.214443370476275, 19.83497053384781,
45.21315849841035, 19.834997355937958,
45.21213057985643, 19.835056364536285,
45.2115826009765, 19.835056364536285,
45.21070582378666, 19.834637939929962,
45.21000665987572, 19.834283888339996,
45.209874384655464, 19.834080040454865,
45.20967408159351, 19.83392983675003,
45.2087821575086, 19.833806455135345,
45.20809430819609, 19.83368843793869,
45.20743668624053, 19.83340412378311,
45.20647669571297, 19.83272284269333,
45.20601748191723, 19.832462668418884,
45.20553558691075, 19.832266867160797,
45.20510093301121, 19.832167625427246,
45.204673835075006, 19.832025468349457,
45.20442343324523, 19.832042902708054,
45.20418058966319, 19.832124710083008,
45.20378561228448, 19.832320511341095,
45.20345677735096, 19.832419753074646,
45.20312794051672, 19.8324653506279,
45.202345527993934, 19.832374155521393,
45.20177099600486, 19.832293689250946,
45.20119645821389, 19.832245409488678,
45.20098478493365, 19.83220785856247,
45.200788230468284, 19.83222395181656,
45.20037999979358, 19.83223468065262,
45.19966558906484, 19.83221858739853,
45.19949265496057, 19.832194447517395,
45.19931216033488, 19.83218640089035,
45.19895872940955, 19.832256138324738,
45.198335022421176, 19.832492172718048,
45.19764704678315, 19.832819402217865,
45.19683809775511, 19.832878410816193,
45.19593841196433, 19.833001792430878,
45.19571254323475, 19.833033978939056,
45.195486673608634, 19.833141267299652,
45.19508785559445, 19.833323657512665,
45.194452765214955, 19.833591878414154,
45.19366267264718, 19.833865463733673,
45.19351429279559, 19.83394056558609,
45.19338103412781, 19.834047853946686,
45.19311451585611, 19.834262430667877,
45.19244159892119, 19.834273159503937,
45.19183861322326, 19.83430802822113,
45.1915408984931, 19.834320098161697,
45.191246962739655, 19.834251701831818,
45.19055134024691, 19.834010303020477,
45.1902262094272, 19.83382523059845,
45.189908637996325, 19.833597242832184,
45.18967045826035, 19.833438992500305,
45.18945496144992, 19.83322709798813,
45.18915628908294, 19.832642376422882,
45.18840014950202, 19.832025468349457,
45.18776876525646, 19.83144074678421,
45.18684625113233, 19.830630719661713,
45.18672715498161, 19.83046442270279,
45.186623181947844, 19.83019083738327,
45.186475728956154, 19.82971876859665,
45.18638309803529, 19.829262793064117,
45.18638120760679, 19.828812181949615,
45.18636041288882, 19.828570783138275,
45.18630180955197, 19.828383028507233,
45.186186493132304, 19.82823818922043,
45.18600312063962, 19.82820063829422,
45.185220472638385, 19.828087985515594,
45.1845890531236, 19.82797533273697,
45.18439811350799, 19.827835857868195,
45.18422229725596, 19.827653467655182,
45.18409563359812, 19.827479124069214,
45.1839916557579, 19.82717603445053,
45.183916035391206, 19.826312363147736,
45.18395006456868, 19.825714230537415,
45.18405971400207, 19.825116097927094,
45.18419204924392, 19.82441335916519,
45.18439244202446, 19.823753535747528,
45.18472138713493, 19.822863042354584,
45.184815911240385, 19.82260018587112


<>74B,50,255,150,Polasci iz POPOVICA<.>
45.18485183035933, 19.822631031274796,
45.184696810841785, 19.822958260774612,
45.18447373323433, 19.823564440011978,
45.184347070135914, 19.82392519712448,
45.1842355307562, 19.824291318655014,
45.184072947540066, 19.82510671019554,
45.18398314847166, 19.825498312711716,
45.183927378452616, 19.82588991522789,
45.18396329813215, 19.82693061232567,
45.18400583456548, 19.82728198170662,
45.184146677195635, 19.827563613653183,
45.18450209060581, 19.827933758497238,
45.18516186812796, 19.828078597784042,
45.185876460944094, 19.828199297189713,
45.18623753485507, 19.828282445669174,
45.186304172590894, 19.828378334641457,
45.18636324853262, 19.828506410121918,
45.18637175546317, 19.828843027353287,
45.18638498846374, 19.829205125570297,
45.186434139581756, 19.829567223787308,
45.18657781183723, 19.830076843500137,
45.186738497482864, 19.830514043569565,
45.187065538631146, 19.830827862024307,
45.18761564406988, 19.831321388483047,
45.18808067751056, 19.83172371983528,
45.18853625536788, 19.83213946223259,
45.18897481649961, 19.832450598478317,
45.18909721603989, 19.83254984021187,
45.189196931300955, 19.832681268453598,
45.189339651418024, 19.833019226789474,
45.18946535824461, 19.83321636915207,
45.18959484543732, 19.833386689424515,
45.18999748256322, 19.833665639162064,
45.19044170331758, 19.833947271108627,
45.19094829977613, 19.834175258874893,
45.19156263644673, 19.834333509206772,
45.19215239341192, 19.83427718281746,
45.19287823974883, 19.8342664539814,
45.193169331772815, 19.834222197532654,
45.19342828901024, 19.83400896191597,
45.193502951644525, 19.833953976631165,
45.19358328474924, 19.833912402391434,
45.193747730986395, 19.833823889493942,
45.19409552376181, 19.833727329969406,
45.194741959034516, 19.833485931158066,
45.19540161786852, 19.833182841539383,
45.195735224653916, 19.833050072193146,
45.196068829483586, 19.832970947027206,
45.19665475957779, 19.83289048075676,
45.197361647854905, 19.832839518785477,
45.197664057270096, 19.83280062675476,
45.19793622436963, 19.83266517519951,
45.19863364662018, 19.832367449998856,
45.199170410227424, 19.832190424203873,
45.19984324759725, 19.83224406838417,
45.200533086639844, 19.83221724629402,
45.200907297196665, 19.832214564085007,
45.20128150529224, 19.8322494328022,
45.201965657164195, 19.832329899072647,
45.20271972662993, 19.832415729761124,
45.20312321583572, 19.832461327314377,
45.20352670217984, 19.832394272089005,
45.20385175701275, 19.8322856426239,
45.20417303031326, 19.83214482665062,
45.204448945934914, 19.832046926021576,
45.20472486021833, 19.83202412724495,
45.20537873393, 19.832225292921066,
45.20594189081361, 19.832415729761124,
45.20647669571297, 19.83273223042488,
45.20699070840415, 19.833080917596817,
45.20730818451067, 19.833307564258575,
45.207468811627635, 19.833420887589455,
45.207629438290994, 19.833491295576096,
45.20793651741438, 19.833626747131348,
45.20809005635441, 19.83369179069996,
45.20824359487999, 19.83373537659645,
45.208806723401615, 19.833805114030838,
45.20947566748762, 19.83389362692833,
45.20962069881876, 19.833913072943687,
45.20975061256365, 19.833975434303284,
45.209999101299985, 19.83427718281746,
45.21086644130896, 19.834706336259842,
45.21156370505888, 19.835046976804733,
45.21245180640028, 19.835041612386703,
45.21318873102774, 19.83500674366951,
45.21446415493286, 19.834961146116257,
45.21567719823979, 19.834998697042465,
45.216485879402384, 19.835181087255478,
45.21667529429743, 19.835227355360985,
45.21686092972953, 19.83532190322876,
45.21723219877564, 19.8355270922184,
45.2177933489163, 19.835808724164963,
45.21887406691761, 19.836380034685135,
45.219146132548666, 19.836511462926865,
45.219057333492735, 19.83724907040596,
45.2183866127397, 19.83709618449211,
45.217893486237905, 19.837015718221664,
45.217375793278265, 19.837031811475754,
45.21676740355705, 19.83711764216423,
45.21617412283971, 19.837318807840347,
45.21556760972077, 19.837536066770554,
45.214874174023436, 19.83778551220894,
45.21432622157888, 19.837981313467026,
45.213640328836966, 19.83822539448738,
45.21297521282335, 19.838450700044632,
45.21272862664294, 19.838553965091705,
45.21249715588386, 19.838716238737106,
45.21221183144775, 19.838953614234924,
45.21196051801043, 19.83924999833107,
45.21160527606934, 19.83978107571602,
45.21118389578354, 19.840376526117325,
45.21097981811043, 19.840596467256546,
45.210702044545386, 19.840794950723648,
45.21076440199441, 19.841055124998093,
45.21086455169369, 19.841304570436478,
45.21096186679862, 19.8414346575737,
45.21108185703856, 19.841554015874863,
45.211325615959055, 19.8417766392231,
45.21158921454621, 19.8420287668705,
45.21186792856937, 19.84224334359169,
45.21217876395366, 19.842386841773987,
45.21249337676161, 19.842498153448105,
45.212994108272, 19.842661768198013,
45.21325675435812, 19.842712730169296,
45.213519399231245, 19.8427315056324,
45.2136648926317, 19.842748939990997,
45.21380660662495, 19.842820018529892,
45.21399555806662, 19.84301045536995,
45.214210961944325, 19.84313651919365,
45.214356453575526, 19.843202233314514,
45.21447549190598, 19.843294769525528,
45.21453926233764, 19.84335444867611,
45.21460303269782, 19.843339025974274,
45.21473435217725, 19.843286722898483,
45.214844887043576, 19.843310192227364,
45.21495164273615, 19.843365848064423,
45.215168932464806, 19.843423515558243,
45.21528041122073, 19.84342284500599,
45.215391889758116, 19.843400716781616,
45.21561484617728, 19.843318909406662,
45.21586897763987, 19.84323039650917,
45.21612310796675, 19.843163341283798,
45.21669371616129, 19.843072146177292,
45.21742113883533, 19.842946082353592,
45.21767715161456, 19.84289512038231,
45.217933163241085, 19.842881709337234,
45.2181154881617, 19.842938035726547,
45.21819531417346, 19.842982292175293,
45.21827514007317, 19.843053370714188,
45.21873425490639, 19.843431562185287,
45.219221706104015, 19.84373465180397,
45.21933790024947, 19.84378695487976,
45.219454094157484, 19.843807071447372,
45.21962602291904, 19.843664914369583,
45.21975496914904, 19.843499287962914,
45.219899029609586, 19.843355119228363,
45.22019470665738, 19.84307751059532,
45.220385526172194, 19.84292060136795,
45.22058768080113, 19.842838793992996,
45.220892800678996, 19.842777103185654,
45.22119791891941, 19.84275832772255,
45.22190072374506, 19.842728823423386,
45.222241732095924, 19.842696636915207,
45.222582738401385, 19.84262153506279,
45.22307015660536, 19.842508882284164,
45.223142418832225, 19.842502176761627,
45.22321468096726, 19.84252765774727,
45.22334409135861, 19.84263226389885,
45.22319389970907, 19.843029230833054,
45.223198622722975, 19.843426197767258,
45.22334409135861, 19.84374538064003,
45.223075824234314, 19.843957275152206,
45.22291901962476, 19.8441182076931,
45.222807555844156, 19.8443703353405,
45.222565735365365, 19.845054298639297,
45.22231068921463, 19.84553173184395,
45.22197440439298, 19.846132546663284,
45.221792091846375, 19.84644502401352,
45.22164756386808, 19.846784323453903,
45.22144541300762, 19.847454875707626,
45.22135094974231, 19.847814291715622,
45.22157199353708, 19.848500937223434,
45.221787368715624, 19.849158078432083,
45.222144436292986, 19.850260466337204,
45.2223768124006, 19.851062446832657,
45.22239948318954, 19.852384775877,
45.22244010166372, 19.852953404188156,
45.22252606159483, 19.853527396917343,
45.222662085835644, 19.854361563920975,
45.22278488521796, 19.855024069547653,
45.22329308291836, 19.85520377755165,
45.22375404642006, 19.855431765317917,
45.22432835637324, 19.855753630399704,
45.22479308978564, 19.856099635362625,
45.2253239391571, 19.856467097997665,
45.22556291421331, 19.856619983911514,
45.225801888264925, 19.856735318899155,
45.226446074182576, 19.856756776571274,
45.22668504452149, 19.856766164302826,
45.22692401385575, 19.856829196214676,
45.22735283377867, 19.85708400607109,
45.22788554829617, 19.85747829079628,
45.22832380614188, 19.857910126447678,
45.228690277780764, 19.858325868844986,
45.228988742627465, 19.858757704496384,
45.22933443096579, 19.8593370616436,
45.22962722545483, 19.85998347401619,
45.229733008899316, 19.860226213932037,
45.229789678520724, 19.860474318265915,
45.22981990229571, 19.860751926898956,
45.229751898779405, 19.861029535531998,
45.22954222075854, 19.86149087548256,
45.22941660247465, 19.861551225185394,
45.22929098391309, 19.86156865954399,
45.22914364148712, 19.861477464437485,
45.22900385472991, 19.86137017607689,
45.22883289883658, 19.86114889383316,
45.22867705461839, 19.860911518335342,
45.22859015947483, 19.86055076122284,
45.22857504726238, 19.860190004110336,
45.22881306414163, 19.859023243188858,
45.228990631640485, 19.857963770627975,
45.22914080797518, 19.857417941093445,
45.22932120795326, 19.856888204813004,
45.22952238631117, 19.85635444521904,
45.2297575657422, 19.855858236551285,
45.230201476072665, 19.85507234930992,
45.23052826741947, 19.854482263326645,
45.230889057995746, 19.853905588388443,
45.23143118403185, 19.853106290102005,
45.23192797094602, 19.852425009012222,
45.2324851982492, 19.851647168397903,
45.23313308617665, 19.850721806287766,
45.23368841280726, 19.84995201230049,
45.234313620989475, 19.849066883325577,
45.234963376887094, 19.848149567842484,
45.235624458111864, 19.847234934568405,
45.23623642359089, 19.8464597761631,
45.23680682992407, 19.84584018588066,
45.23752266288292, 19.845188409090042,
45.23808927888369, 19.84476462006569,
45.23887497705516, 19.844303280115128,
45.2397041034878, 19.843847304582596,
45.240663533097134, 19.843321591615677,
45.24130566197437, 19.842980951070786,
45.242059209842346, 19.842559844255447,
45.24289962111381, 19.84209045767784,
45.243577606764724, 19.841696172952652,
45.245384899454834, 19.84072655439377,
45.24804002350747, 19.839251339435577,
45.249637570353194, 19.838371574878693,
45.251027361793334, 19.837588369846344,
45.252507754399296, 19.836767613887787,
45.25403342476868, 19.83592003583908,
45.25531737302129, 19.83520120382309,
45.25645779683133, 19.834578931331635,
45.25786252580513, 19.833790361881256,
45.25941826034883, 19.83291059732437,
45.26102303893972, 19.832036197185516,
45.2625711353014, 19.83118861913681,
45.264047451288555, 19.830394685268402,
45.26423812357187, 19.83033299446106,
45.26442879521481, 19.830335676670074,
45.26503289916162, 19.83006745576858


