># linija 12B	2020-09-29
>#RAD
04 30
05 00 18 36 54
06 12 30 45
07 00 15 30 48
08 06 24 42
09 00 18 36 54
10 12 30 48
11 06 24 42
12 00 18 36 54
13 12 30 48
14 06 24 39 54
15 09 24 42
16 00 18 36 54
17 12 30 48
18 06 24 42
19 00 18 36 54
20 12 30 48
21 06 24 42
22 00 18 36 54
23 13 33
00 00

>#SUB
04 30
05 00 26 52
06 18 34 48
07 01 15 28 42 55
08 09 22 36 49
09 03 16 30 43 57
10 10 24 37 51
11 04 18 31 45 58
12 16 34 52
13 12 38
14 04 30 56
15 22 40 58
16 16 34 52
17 10 28 46
18 04 22 40 58
19 16 34 52
20 10 28 46
21 06 33
22 00 27 54
23 21 40
00 00

>#NED
04 30
05 00 18 36 54
06 12 30 48
07 06 24 42
08 00 18 36 54
09 12 30 48
10 06 24 42
11 00 18 36 54
12 12 30 48
13 08 34
14 00 26 52
15 18 36 54
16 12 30 48
17 06 24 42
18 00 18 36 54
19 12 30 48
20 06 24 42
21 00 27 54
22 21 48
23 15 35
00 00
