*name:  Linija 1a Kelebija opština-Novo naseljeSmer kretanja autobusa na liniji 1a iz smera Novog naselja prema Kelebiji opštini 1
*linija:  
*coords:  19.6745986,46.0662933,0 19.6747541,46.0661668,0 19.6737403,46.0634794,0 19.6682847,46.0674657,0 19.6706289,46.0692094,0 19.6728417,46.0707474,0 19.6732092,46.0708414,0 19.6741265,46.0710498,0 19.6738153,46.0721905,0 19.6733486,46.0729887,0 19.6729034,46.0735637,0 19.672308,46.074094,0 19.6661282,46.0787382,0 19.6682096,46.0800926,0 19.6696472,46.081209,0 19.6704224,46.0817708,0 19.6707469,46.0819494,0 19.6720827,46.0825597,0 19.673397,46.0830694,0 19.6729302,46.0836201,0 19.6795821,46.0859902,0 19.6797591,46.0859604,0 19.6798718,46.0860162,0 19.6798772,46.0860944,0 19.6839809,46.0876086,0 19.6842706,46.087657,0 19.6812129,46.0907115,0 19.6773398,46.0929957,0 19.6719539,46.0959941,0 19.6716106,46.0964107,0 19.6705914,46.0982892,0 19.6696311,46.1001975,0 19.6674478,46.1046684,0 19.6670723,46.1044006,0 19.6649694,46.1034707,0 19.6624482,46.1026822,0 19.6620727,46.1023697,0 19.6619976,46.1021242,0 19.6606565,46.1016109,0 19.6604848,46.1015886,0 19.6603668,46.1015142,0 19.6609461,46.1008224,0 19.6607316,46.1007108,0 19.6617937,46.0993122,0 19.6599913,46.0983525,0 19.6575022,46.0969092,0 19.6561933,46.0979954,0 19.6555173,46.0983599,0 19.6544015,46.0991634,0 19.6534467,46.1001157,0 19.6495521,46.1029872,0 19.645679,46.1057767,0 19.6404111,46.1095331,0 19.6385765,46.1107009,0 19.6373749,46.1111565,0 19.6357011,46.1116194,0 19.6352184,46.1118928,0 19.6335769,46.1133487,0 19.6292853,46.1156841,0 19.6224618,46.1190159,0 19.6151233,46.1220798,0 19.6131063,46.1231803,0 19.6112394,46.1242363,0 
*name:  Linija 2 Srpski šor (Široki progon)-Pačirski put (KTC)1
*linija:  
*coords:  19.6655273,46.0781874,0 19.6660638,46.0785893,0 19.6682471,46.0800926,0 19.6696043,46.0811308,0 19.6708488,46.0819122,0 19.6735042,46.0829875,0 19.6729892,46.0836164,0 19.6795875,46.0859679,0 19.6797484,46.0859269,0 19.6798879,46.0859865,0 19.6799308,46.0860869,0 19.684056,46.0875491,0 19.6845281,46.0877426,0 19.6815991,46.0907636,0 19.677179,46.0933083,0 19.6726298,46.0957337,0 19.6719432,46.0961801,0 19.6712995,46.0973258,0 19.6675014,46.1047948,0 19.6670508,46.104527,0 19.6650124,46.1036046,0 19.6625233,46.1028012,0 19.6619868,46.1024739,0 19.6618313,46.1026189,0 19.6611714,46.1033814,0 19.6559572,46.109005,0 19.6581244,46.1096744,0 19.6577114,46.1100389,0 19.6569014,46.1108348,0 19.6548843,46.1131702,0 19.6527815,46.1159369,0 19.649713,46.1201016,0 19.6494985,46.1204437,0 19.6491981,46.1210684,0 19.6462154,46.1249948,0 19.6440911,46.1272999,0 19.6413445,46.1296941,0 19.637568,46.1330548,0 19.636066,46.1344823,0 19.6333838,46.1369357,0 
*name:  Linija 3 Makova Sedmica-Bajski put1
*linija:  
*coords:  19.6721605,46.1506375,0 19.6724099,46.1502139,0 19.67311,46.1489809,0 19.6738744,46.1477294,0 19.6792603,46.1425707,0 19.6818781,46.1400432,0 19.6812236,46.1391214,0 19.6806657,46.1378799,0 19.6801722,46.1365566,0 19.6799254,46.1361402,0 19.6793032,46.1355232,0 19.6783698,46.1347202,0 19.6781015,46.1342593,0 19.6779513,46.1337388,0 19.6775758,46.132973,0 19.6767068,46.1324526,0 19.675355,46.1317239,0 19.6750653,46.1314637,0 19.6741211,46.1301328,0 19.6740782,46.1297462,0 19.6741855,46.1295157,0 19.675355,46.1285491,0 19.6772754,46.1266455,0 19.6769321,46.125783,0 19.6763957,46.1247866,0 19.6761596,46.1240058,0 19.6755803,46.1227713,0 19.6753335,46.1223029,0 19.6751404,46.1215741,0 19.6749043,46.1209866,0 19.6745503,46.120295,0 19.6741641,46.1193803,0 19.6738636,46.1181606,0 19.6737134,46.1173649,0 19.6725976,46.1145238,0 19.6721363,46.1134528,0 19.6710527,46.1125083,0 19.670645,46.111943,0 19.6693897,46.110024,0 19.6692502,46.1098306,0 19.6694112,46.109667,0 19.6692288,46.1093992,0 19.6705914,46.1068628,0 19.6725118,46.1032327,0 19.6741211,46.1001082,0 19.6716964,46.0999074,0 19.6698403,46.0994535,0 19.6682954,46.0988881,0 19.6667933,46.0982409,0 19.6661925,46.0978764,0 19.6637785,46.0970654,0 19.6629953,46.096805,0 19.6605706,46.0987617,0 19.6575371,46.0969594,0 19.6560752,46.0981814,0 19.6544766,46.0992155,0 19.6538758,46.0994312,0 19.6527064,46.099766,0 19.6513331,46.1000413,0 19.6491337,46.1003314,0 19.6474493,46.1005769,0 19.646827,46.1006513,0 19.6455717,46.1009935,0 19.6420312,46.1020127,0 19.6399713,46.1026673,0 19.6376109,46.1027268,0 19.6325898,46.1026971,0 19.6296716,46.1026524,0 19.6246827,46.1017932,0 19.6244305,46.1017486,0 
*name:  Linija 4 Veliki Radanovac-LifkaSmer kretanja autobusa na liniji 4 iz smera Velikog Radanovca do Lifke 1
*linija:  
*coords:  19.7228247,46.1293298,0 19.7231144,46.1289283,0 19.7246915,46.1271474,0 19.7256303,46.1260878,0 19.7267622,46.1247828,0 19.7271001,46.1243404,0 19.7272342,46.1241285,0 19.7284305,46.1213473,0 19.7292084,46.1195067,0 19.7298843,46.1178706,0 19.7311449,46.1147098,0 19.7330976,46.1098381,0 19.7329903,46.1096447,0 19.7325611,46.1095033,0 19.7280443,46.1077033,0 19.7291923,46.1049659,0 19.7281194,46.1050552,0 19.7270036,46.1050329,0 19.7247076,46.1048097,0 19.7154164,46.1037088,0 19.6995163,46.1019383,0 19.6921134,46.1010604,0 19.6858907,46.0998553,0 19.684689,46.0997511,0 19.6743464,46.1001677,0 19.6721578,46.1000338,0 19.6698403,46.0994535,0 19.6669436,46.0984269,0 19.6661282,46.0979805,0 19.6631455,46.0969538,0 19.6620727,46.0965818,0 19.6604204,46.0949153,0 19.6575853,46.0968925,0 19.6601307,46.0983674,0 
*name:  Linija 6 Vikend naselje-Mali Bajmok1
*linija:  
*coords:  19.7684035,46.0884141,0 19.7686502,46.0885332,0 19.7680494,46.0908398,0 19.7678992,46.0916806,0 19.7673628,46.0936821,0 19.766365,46.0942624,0 19.766129,46.0945154,0 19.7658286,46.0954602,0 19.7638008,46.1020294,0 19.7615478,46.1021335,0 19.7575888,46.1024832,0 19.7479758,46.103361,0 19.7412917,46.1039635,0 19.7298011,46.1049082,0 19.7280953,46.1050087,0 19.7272316,46.1050077,0 19.7263787,46.1049101,0 19.7246084,46.1047,0 19.7126779,46.1033461,0 19.6999535,46.1019178,0 19.6920732,46.1010176,0 19.6858719,46.0998199,0 19.6846917,46.0997158,0 19.6785817,46.0999538,0 19.6742258,46.1001101,0 19.6722195,46.0999836,0 19.6698591,46.0995075,0 19.6668443,46.0984585,0 19.6655569,46.0977964,0 19.6642694,46.097283,0 19.6630034,46.0968813,0 19.6605787,46.0988175,0 19.657832,46.0971873,0 19.6551499,46.0955421,0 19.6491954,46.0919485,0 19.6480259,46.0911672,0 19.6449146,46.0889796,0 19.637619,46.0839121,0 19.6342716,46.081434,0 19.6359667,46.0801615,0 19.632508,46.0778273,0 19.6361303,46.0751955,0 
*name:  Linija 16 Teslino naselje-Aleksandrovo1
*linija:  
*coords:  19.6852255,46.1135867,0 19.6897745,46.1057619,0 19.6917057,46.1025483,0 19.6922207,46.1007629,0 19.6862555,46.0996618,0 19.6846247,46.0995131,0 19.6742392,46.0998999,0 19.6722651,46.0997214,0 19.6706772,46.0994238,0 19.6668577,46.0979359,0 19.6648836,46.0972663,0 19.6633172,46.096805,0 19.6621907,46.0963363,0 19.6614182,46.0956518,0 19.6607852,46.0949301,0 19.6599483,46.0940671,0 19.6599483,46.09371,0 19.6610534,46.0927725,0 19.6623409,46.0919467,0 19.6640174,46.090918,0 19.6654793,46.0898149,0 19.6672522,46.0884885,0 19.6703768,46.085912,0 19.6715355,46.0849744,0 19.6726084,46.084007,0 19.6735847,46.0831066,0 19.6736867,46.0826415,0 19.6739388,46.082221,0 19.6764708,46.0776367,0 19.6770179,46.0770339,0 19.6781015,46.0753742,0 19.6811056,46.0690028,0 19.6813202,46.0655787,0 19.6813416,46.0654075,0 19.6815991,46.0651841,0 19.6820712,46.0650055,0 19.6827042,46.0650576,0 19.6875751,46.0659955,0 
*name:  Linija 8 Železničko naselje-Aleksandrovo1
*linija:  
*coords:  19.6601898,46.1359246,0 19.6609944,46.1340771,0 19.6613539,46.1332146,0 19.6617026,46.1324116,0 19.662062,46.1316235,0 19.6624053,46.1307834,0 19.6627808,46.1299321,0 19.6630812,46.1292518,0 19.6636122,46.1281661,0 19.6641621,46.1269132,0 19.6647388,46.1256379,0 19.6651304,46.1243218,0 19.6652162,46.1225371,0 19.6651089,46.121496,0 19.6654952,46.1185213,0 19.6664608,46.1139846,0 19.6652377,46.112274,0 19.664079,46.1112922,0 19.6630705,46.1103253,0 19.6624696,46.1101765,0 19.6587145,46.1098641,0 19.6557534,46.1090013,0 19.6559036,46.1086591,0 19.6618903,46.1023363,0 19.6617615,46.1021726,0 19.6602595,46.1015923,0 19.660281,46.1013394,0 19.6607316,46.1008633,0 19.660517,46.1006848,0 19.6615684,46.0993308,0 19.6605975,46.0988844,0 19.6528512,46.0942456,0 19.654659,46.0928134,0 19.655453,46.0921587,0 19.6561825,46.0913997,0 19.6563971,46.0911319,0 19.6565366,46.0907301,0 19.6573198,46.0898893,0 19.6578026,46.0895321,0 19.6620083,46.0873519,0 19.6631456,46.0874338,0 19.6632636,46.087404,0 19.6633923,46.0873668,0 19.663918,46.0870171,0 19.6625447,46.085953,0 19.6647763,46.0842861,0 19.6675766,46.0824629,0 19.6689177,46.081488,0 19.669497,46.0811531,0 19.6681667,46.0801113,0 19.6660423,46.0787419,0 19.6692503,46.0763454,0 19.6723402,46.0740754,0 19.6733809,46.0729962,0 19.6738207,46.0722072,0 19.6741748,46.0710907,0 19.67484,46.0683143,0 19.6748829,46.0675253,0 19.6787453,46.0683069,0 19.6813417,46.0689396,0 19.681406,46.0669223,0 19.6814919,46.0654559,0 19.6816957,46.0652698,0 19.6821356,46.0650911,0 19.6827793,46.0651283,0 19.6875751,46.0660588,0 
*name:  Linija 8a Železničko naselje-Jadran-Lifka1
*linija:  
*coords:  19.6603185,46.1359767,0 19.6614075,46.133724,0 19.6631241,46.1296644,0 19.6650124,46.125664,0 19.6652484,46.1242363,0 19.6653342,46.1226152,0 19.6652055,46.1213807,0 19.665699,46.1181383,0 19.6665788,46.1140627,0 19.6652699,46.1121438,0 19.6630383,46.1103439,0 19.6627378,46.1101505,0 19.6587038,46.1097934,0 19.6561503,46.1089752,0 19.6557212,46.1087372,0 19.6617079,46.1023251,0 19.6623516,46.10234,0 19.6627808,46.1026375,0 19.6650338,46.1033368,0 19.6671581,46.1042592,0 19.6674371,46.1044526,0 19.6697545,46.0996321,0 19.666729,46.0985608,0 19.6656132,46.097921,0 19.6630812,46.097058,0 19.6610427,46.0986352,0 19.6603346,46.0990816,0 19.6597767,46.0988435,0 
*name:  Linija 9 Srpski šor-ATB Sever1
*linija:  
*coords:  19.6333838,46.1369357,0 19.6375895,46.1335455,0 19.6418381,46.1296495,0 19.6441555,46.1275378,0 19.6465158,46.1251286,0 19.649477,46.1211725,0 19.6500349,46.1200719,0 19.6553993,46.112843,0 19.6581459,46.1099273,0 19.6553135,46.1090645,0 19.6613216,46.1024293,0 19.6622229,46.1029351,0 19.6649694,46.1036716,0 19.6669865,46.1045717,0 19.6675229,46.1048841,0 19.6701944,46.0996544,0 19.6720934,46.1000785,0 19.6742713,46.1002421,0 19.6845925,46.0998478,0 19.6857941,46.0999445,0 19.6899784,46.1007406,0 19.6919525,46.1011051,0 19.7016621,46.1022582,0 19.7024775,46.0990444,0 19.7024989,46.0987691,0 19.7022736,46.0985236,0 19.7017801,46.0983004,0 19.6970272,46.0978243,0 19.6932452,46.0973853,0 19.6931273,46.0973668,0 
*name:  Linija 10 Palić naselje-Lifka 1
*linija:  
*coords:  19.7637606,46.1095703,0 19.7646081,46.1077182,0 19.7597909,46.1067363,0 19.7556174,46.1058288,0 19.7553706,46.1057321,0 19.7504032,46.1046386,0 19.7491586,46.1075694,0 19.7405219,46.1057395,0 19.7356725,46.1045568,0 19.735136,46.1045717,0 19.728173,46.105137,0 19.7270679,46.1051147,0 19.7185707,46.10417,0 19.7099447,46.1031583,0 19.7004282,46.1021689,0 19.6924675,46.1012464,0 19.6916413,46.1011125,0 19.6858585,46.1000189,0 19.6846354,46.0999148,0 19.6742713,46.1003016,0 19.6720505,46.1001454,0 19.6698403,46.0995726,0 19.6668684,46.0985534,0 19.6646583,46.0975341,0 19.6630597,46.096991,0 19.6608281,46.098717,0 19.6603668,46.0989923,0 19.6598518,46.098717,0 
