LIFKA - TRG ŽRTVE FAŠIZMA |46.098428,19.659843|1|3A|2946296829074158882
LIFKA - druga strana? |46.09833108865445,19.659981990707404|1|3A|2946296829074158882
MATIJE GUBCA - PETRA DRAPŠINA |46.097341610354555,19.662288690460212|1|3A|2946296829074158882
MAKSIMA GORKOG - POŠTA |46.0970588990076,19.663983846557624|1|3A|2946296829074158882
IZVORSKA - BOLNICA |46.08257172266937,19.672363067520152|1|3A|2946296829074158882
0|46.075095982672266,19.635917211425788|I|0A|2946296829074158882
1|46.07525972301798,19.63611033047486|I|0A|2946296829074158882
2|46.07798369567761,19.632526899230964|I|0A|2946296829074158882
3|46.078117658076984,19.633063341033942|I|0A|2946296829074158882
4|46.079918676533794,19.63538076962281|I|0A|2946296829074158882
5|46.080052634235415,19.635788465393073|I|0A|2946296829074158882
6|46.08299962138854,19.636196161163337|I|0A|2946296829074158882
7|46.083059154860415,19.6366038569336|I|0A|2946296829074158882
8|46.086184571913634,19.640659356964118|I|0A|2946296829074158882
9|46.088506195671876,19.644028211486823|I|0A|2946296829074158882
10|46.08922052178557,19.645294214141853|I|0A|2946296829074158882
11|46.091259276686834,19.648190999877936|I|0A|2946296829074158882
12|46.091809876399765,19.648770357025153|I|0A|2946296829074158882
13|46.093193791947414,19.651023412597663|I|0A|2946296829074158882
14|46.09325331441785,19.651409650695808|I|0A|2946296829074158882
15|46.09462231350711,19.65359833325196|I|0A|2946296829074158882
16|46.094815756290295,19.653684163940436|I|0A|2946296829074158882
17|46.0945330319937,19.660185838592536|I|0A|2946296829074158882
18|46.095068718905985,19.660464788330085|I|0A|2946296829074158882
19|46.09663110934515,19.657138849151618|I|0A|2946296829074158882
20|46.096765026465896,19.656967187774665|I|0A|2946296829074158882
21|46.09728581217724,19.656838441741954|I|0A|2946296829074158882
22|46.09957721087578,19.65338375653077|1|0A|2946296829074158882
23|46.099964061001025,19.65334084118653|1|0A|2946296829074158882
24|46.100038454944716,19.653469587219245|1|0A|2946296829074158882
25|46.10036578710449,19.648233915222175|1|0A|2946296829074158882
26|46.10054433109983,19.64763310040284|1|0A|2946296829074158882
27|46.10127337974701,19.64409258450318|1|0A|2946296829074158882
28|46.10170485297678,19.642955327880866|1|0A|2946296829074158882
29|46.1027909602967,19.639479184997565|1|0A|2946296829074158882
30|46.102642179736804,19.638985658538825|1|0A|2946296829074158882
31|46.10273144812091,19.634586835754405|1|0A|2946296829074158882
32|46.10256778930628,19.634522462738044|1|0A|2946296829074158882
33|46.10271657006693,19.6311106928711|1|0A|2946296829074158882
34|46.10256778930628,19.631196523559577|1|0A|2946296829074158882
35|46.10171973130375,19.624222780120856|1|0A|2946296829074158882
36|46.098312489602066,19.660014177215583|1|0A|2946296829074158882
37|46.096631109345125,19.662138486755378|1|0A|2946296829074158882
38|46.09737508923388,19.662288690460212|1|0A|2946296829074158882
39|46.09707749848289,19.66409113491822|1|0A|2946296829074158882 
40|46.09746436614599,19.664906526458747|1|0A|2946296829074158882 
41|46.1006336028807,19.661001230133063|1|0A|2946296829074158882 
42|46.1032372995674,19.66383364285279|1|0A|2946296829074158882 
43|46.10375802414942,19.66559317196656|1|0A|2946296829074158882 
44|46.10374314637249,19.667889142883308|1|0A|2946296829074158882 
45|46.10277608225878,19.668189550292976|1|0A|2946296829074158882 
46|46.1015263127395,19.66906931484986|1|0A|2946296829074158882 
47|46.100410423157534,19.66932680691529|1|0A|2946296829074158882 
48|46.099413542697995,19.669155145538337|1|0A|2946296829074158882 
49|46.099517695230965,19.67078592861939|1|0A|2946296829074158882 
50|46.100008697379295,19.675206209075935|1|0A|2946296829074158882 
51|46.100157485045855,19.675485158813483|1|0A|2946296829074158882 
52|46.10115435205493,19.67333939160157|1|0A|2946296829074158882 
53|46.10146679919861,19.673403764617927|1|0A|2946296829074158882 
54|46.09744948667069,19.67085030163575|1|0A|2946296829074158882 
55|46.09874398600274,19.670485521209724|1|0A|2946296829074158882 
56|46.094815756290274,19.673704172027595|1|0A|2946296829074158882 
57|46.09468183443574,19.674455190551768|1|0A|2946296829074158882 
58|46.09094677170186,19.680484796417243|1|0A|2946296829074158882 
59|46.091199752064306,19.680506254089362|1|0A|2946296829074158882 
60|46.088446668078156,19.683488870513923|1|0A|2946296829074158882 
61|46.0880597371531,19.6835747012024|1|0A|2946296829074158882 
62|46.085886920775465,19.678875471008308|1|0A|2946296829074158882 
63|46.085589268031214,19.678725267303474|1|0A|2946296829074158882 
64|46.08439864099362,19.67484142864991|1|0A|2946296829074158882 
65|46.08375866834287,19.673661256683356|1|0A|2946296829074158882 
66|46.08441352399018,19.67230942333985|1|0A|2946296829074158882 
67|46.084845129144085,19.671322370422374|1|0A|2946296829074158882 
68|46.086675692780474,19.66913368786622|1|0A|2946296829074158882 
69|46.08753886431408,19.668489957702644|1|0A|2946296829074158882 
70|46.08944374679899,19.665679002655036|1|0A|2946296829074158882 
71|46.09020270508706,19.66505673016358|1|0A|2946296829074158882 
72|46.08285078742779,19.672674203765876|1|0A|2946296829074158882 
73|46.08256800179618,19.6725883730774|1|0A|2946296829074158882 
74|46.08225544756961,19.673704172027595|1|0A|2946296829074158882 
75|46.081779171057605,19.674240613830573|1|0A|2946296829074158882 
76|46.07887677219696,19.666236902130134|1|0A|2946296829074158882 
77|46.07832604338514,19.666666055572517|1|0A|2946296829074158882 
78|46.07579559711621,19.67018511380006|1|0A|2946296829074158882 
79|46.07537880660065,19.670485521209724|1|0A|2946296829074158882 
80|46.07846000495337,19.665893579376228|1|0A|2946296829074158882 
81|46.078504658737195,19.665679002655036|1|0A|2946296829074158882 
82|46.07173175531106,19.67409041012574|1|0A|2946296829074158882 
83|46.071478685667465,19.673897291076667|1|0A|2946296829074158882 
84|46.06927544209745,19.670700097930915|1|0A|2946296829074158882 
85|46.069156345344936,19.670764470947272|1|0A|2946296829074158882 
86|46.0676229517031,19.668275380981452|1|0A|2946296829074158882 
87|46.06756340157619,19.66859724606324|1|0A|2946296829074158882 
88|46.06610440339891,19.670099283111583|1|0A|2946296829074158882 
89|46.06565776359455,19.670485521209724|1|0A|2946296829074158882 
90|46.06625328253066,19.67454102124024|1|0A|2946296829074158882 
91|46.06601507572713,19.68102123822022|1|0A|2946296829074158882 
92|46.066580815207104,19.681214357269294|1|0A|2946296829074158882 
93|46.071672209617006,19.67956211651612|1|0A|2946296829074158882 
94|46.072773794558394,19.679411912811286|1|0A|2946296829074158882 
95|46.07610818793713,19.677373433959968|1|0A|2946296829074158882 
96|46.07587002366281,19.67780258740235|1|0A|2946296829074158882 
97|46.066372385546984,19.687437082183845|1|0A|2946296829074158882 
98|46.09999381859071,19.680720830810554|1|0A|2946296829074158882 
99|46.09969624197279,19.68282368267823|1|0A|2946296829074158882 
100|46.10006821249426,19.686128164184577|1|0A|2946296829074158882 
101|46.10017236379057,19.687887693298347|1|0A|2946296829074158882 
102|46.100990688558895,19.691213632476817|1|0A|2946296829074158882 
103|46.10166021797182,19.691921735656745|1|0A|2946296829074158882 
104|46.10127337974719,19.69428207958985|1|0A|2946296829074158882 
105|46.101496555977235,19.694904352081306|1|0A|2946296829074158882 
106|46.10171973130393,19.69883110607911|1|0A|2946296829074158882 
107|46.1020321752436,19.699710870635993|1|0A|2946296829074158882 
108|46.10664423693254,19.68926098431397|1|0A|2946296829074158882 
109|46.10694177604994,19.68885328854371|1|0A|2946296829074158882 
110|46.10607890818489,19.670678640258796|1|0A|2946296829074158882 
111|46.107566602968944,19.670163656127936|1|0A|2946296829074158882 
112|46.111017900241606,19.67007782543946|1|0A|2946296829074158882 
113|46.1112112855052,19.669970537078864|1|0A|2946296829074158882 
114|46.11418635788756,19.66610815609742|1|0A|2946296829074158882 
115|46.11443923163441,19.666258359802256|1|0A|2946296829074158882 
116|46.11824707246402,19.665271306884772|1|0A|2946296829074158882 
117|46.11844043236096,19.665464425933845|1|0A|2946296829074158882 
118|46.115123472425815,19.6725883730774|1|0A|2946296829074158882 
119|46.114766478290235,19.672631288421638|1|0A|2946296829074158882 
120|46.120418613863954,19.67436935986329|1|0A|2946296829074158882 
121|46.120820190910315,19.67479851330567|1|0A|2946296829074158882 
122|46.121147399672914,19.66509964550782|1|0A|2946296829074158882 
123|46.122500833457174,19.664906526458747|1|0A|2946296829074158882 
124|46.12489528870533,19.664756322753913|1|0A|2946296829074158882 
125|46.125668630898616,19.66482069577027|1|0A|2946296829074158882 
126|46.12688810999161,19.6640696772461|1|0A|2946296829074158882 
127|46.12717066836816,19.664134050262458|1|0A|2946296829074158882 
128|46.12578760565709,19.676879907501228|1|0A|2946296829074158882 
129|46.12602555440321,19.676879907501228|1|0A|2946296829074158882 
130|46.130739702025465,19.674519563568122|1|0A|2946296829074158882 
131|46.13386241677173,19.677652383697517|1|0A|2946296829074158882 
132|46.134070591459455,19.677995706451423|1|0A|2946296829074158882 
133|46.13967614249836,19.681407476318366|1|0A|2946296829074158882 
134|46.13969101057522,19.681643510711677|1|0A|2946296829074158882 
135|46.14553385394051,19.676193261993415|1|0A|2946296829074158882 
136|46.14514732366139,19.676407838714606|1|0A|2946296829074158882 
137|46.150305792634086,19.67235233868409|1|0A|2946296829074158882 
138|46.150008487666064,19.67233088101197|1|0A|2946296829074158882 
139|46.11310047507968,19.68554880703736|1|0A|2946296829074158882 
140|46.110274104442695,19.68730833615113|1|0A|2946296829074158882 
141|46.10903938125541,19.687501455200202|1|0A|2946296829074158882 
142|46.103564612736356,19.713143373382575|1|0A|2946296829074158882 
143|46.10335632276301,19.713143373382575|1|0A|2946296829074158882 
144|46.10514163985598,19.727434183013923|1|0A|2946296829074158882 
145|46.10747734241435,19.727906251800544|1|0A|2946296829074158882 
146|46.107670740100424,19.72799208248902|1|0A|2946296829074158882 
147|46.104739948550936,19.730180765045173|1|0A|2946296829074158882 
148|46.10939641248956,19.732047582519538|1|0A|2946296829074158882 
149|46.10939641248956,19.7324552782898|1|0A|2946296829074158882 
150|46.11252033713953,19.73174717510987|1|0A|2946296829074158882 
151|46.11265421566776,19.73196175183106|1|0A|2946296829074158882 
152|46.11597132422941,19.730352426422126|1|0A|2946296829074158882 
153|46.11574820659852,19.73071720684815|1|0A|2946296829074158882 
154|46.11916924433561,19.729129339111335|1|0A|2946296829074158882 
155|46.11940722166802,19.72921516979981|1|0A|2946296829074158882 
156|46.12256032428943,19.727627302062995|1|0A|2946296829074158882 
157|46.122753669050006,19.72777750576783|1|0A|2946296829074158882 
158|46.125475296368286,19.72597506130982|1|0A|2946296829074158882 
159|46.12580247748402,19.725910688293464|1|0A|2946296829074158882 
160|46.12907418176441,19.722649122131354|1|0A|2946296829074158882 
161|46.10392167943125,19.742540384185798|1|0A|2946296829074158882 
162|46.103609246199746,19.74301245297242|1|0A|2946296829074158882 
163|46.10304388632752,19.75168135250855|1|0A|2946296829074158882 
164|46.10270169200936,19.753762746704112|1|0A|2946296829074158882 
165|46.102344617412875,19.757882619750983|1|0A|2946296829074158882 
166|46.10225534840243,19.76071503247071|1|0A|2946296829074158882 
167|46.10200241875449,19.76219561184693|1|0A|2946296829074158882 
168|46.09936890583836,19.76444866741944|1|0A|2946296829074158882 
169|46.09948793738492,19.764513040435798|1|0A|2946296829074158882 
170|46.09419078485374,19.766251111877448|1|0A|2946296829074158882 
171|46.09402710068794,19.76670172299195|1|0A|2946296829074158882 
172|46.08846154998312,19.76771023358155|1|0A|2946296829074158882 
173|46.08744959517417,19.76839687967693|1|0A|2946296829074158882
